0.800 0.000 0.000 0.000 0.025 0.000 0.000 0.000 0.000 0.000 0.000 0.000 0.000 0.025 0.000 0.000 0.000 0.000 0.000 0.000 0.000 0.000 0.025 0.000 0.000 0.000 0.000 0.000 0.025 0.000 0.000 0.000 0.000 0.000 0.000 0.000 0.000 0.000 0.025 0.000 0.000 0.000 0.000 0.000 0.000 0.050 0.000 0.025 0.000 0.000
0.075 0.525 0.000 0.000 0.025 0.000 0.000 0.000 0.000 0.000 0.000 0.000 0.025 0.050 0.000 0.000 0.025 0.000 0.025 0.025 0.025 0.000 0.000 0.025 0.000 0.000 0.000 0.050 0.000 0.025 0.000 0.000 0.000 0.000 0.000 0.000 0.000 0.025 0.000 0.025 0.000 0.025 0.000 0.000 0.000 0.000 0.000 0.025 0.000 0.000
0.000 0.000 0.700 0.050 0.000 0.000 0.000 0.000 0.000 0.000 0.000 0.000 0.000 0.000 0.025 0.000 0.025 0.025 0.000 0.000 0.000 0.000 0.000 0.000 0.025 0.000 0.000 0.000 0.000 0.000 0.000 0.000 0.000 0.075 0.000 0.050 0.025 0.000 0.000 0.000 0.000 0.000 0.000 0.000 0.000 0.000 0.000 0.000 0.000 0.000
0.000 0.000 0.000 0.800 0.000 0.000 0.000 0.000 0.000 0.000 0.000 0.000 0.000 0.000 0.000 0.000 0.000 0.025 0.000 0.000 0.000 0.025 0.000 0.000 0.000 0.000 0.050 0.050 0.000 0.000 0.000 0.000 0.000 0.000 0.000 0.000 0.000 0.000 0.000 0.000 0.000 0.050 0.000 0.000 0.000 0.000 0.000 0.000 0.000 0.000
0.025 0.025 0.000 0.000 0.425 0.050 0.000 0.000 0.000 0.000 0.000 0.000 0.025 0.025 0.000 0.000 0.000 0.000 0.000 0.050 0.025 0.000 0.025 0.000 0.025 0.000 0.025 0.000 0.075 0.000 0.000 0.000 0.000 0.000 0.050 0.000 0.000 0.025 0.025 0.000 0.000 0.000 0.025 0.000 0.000 0.025 0.025 0.000 0.000 0.025
0.000 0.000 0.000 0.000 0.000 0.750 0.000 0.000 0.000 0.000 0.000 0.000 0.000 0.025 0.000 0.000 0.000 0.025 0.000 0.000 0.000 0.000 0.000 0.000 0.000 0.050 0.000 0.000 0.000 0.000 0.025 0.000 0.075 0.000 0.000 0.000 0.000 0.000 0.000 0.000 0.000 0.025 0.000 0.000 0.000 0.000 0.000 0.000 0.000 0.025
0.000 0.000 0.025 0.000 0.000 0.000 0.575 0.000 0.000 0.000 0.000 0.000 0.000 0.000 0.025 0.000 0.025 0.000 0.000 0.000 0.000 0.000 0.000 0.000 0.000 0.000 0.000 0.000 0.025 0.000 0.000 0.000 0.000 0.000 0.000 0.000 0.050 0.000 0.025 0.000 0.000 0.000 0.000 0.000 0.050 0.050 0.100 0.025 0.000 0.025
0.000 0.000 0.025 0.000 0.000 0.000 0.000 0.750 0.000 0.050 0.025 0.000 0.000 0.000 0.000 0.025 0.000 0.000 0.000 0.000 0.000 0.000 0.000 0.000 0.000 0.025 0.000 0.000 0.000 0.000 0.000 0.000 0.000 0.000 0.000 0.000 0.000 0.000 0.000 0.025 0.000 0.000 0.050 0.000 0.000 0.000 0.000 0.000 0.025 0.000
0.050 0.000 0.000 0.000 0.025 0.000 0.000 0.000 0.725 0.000 0.000 0.000 0.000 0.050 0.000 0.000 0.000 0.025 0.000 0.000 0.000 0.000 0.000 0.000 0.000 0.000 0.000 0.000 0.000 0.000 0.000 0.000 0.000 0.000 0.000 0.000 0.000 0.000 0.000 0.050 0.025 0.000 0.000 0.000 0.000 0.025 0.000 0.025 0.000 0.000
0.000 0.000 0.000 0.000 0.000 0.000 0.000 0.000 0.000 0.725 0.000 0.025 0.000 0.000 0.000 0.000 0.000 0.000 0.000 0.000 0.000 0.000 0.025 0.025 0.000 0.025 0.025 0.050 0.000 0.000 0.000 0.050 0.000 0.000 0.000 0.000 0.000 0.000 0.000 0.000 0.000 0.000 0.000 0.000 0.050 0.000 0.000 0.000 0.000 0.000
0.000 0.025 0.000 0.000 0.000 0.000 0.000 0.000 0.025 0.000 0.575 0.025 0.000 0.000 0.000 0.125 0.000 0.000 0.000 0.000 0.000 0.000 0.000 0.000 0.000 0.025 0.025 0.025 0.000 0.000 0.000 0.000 0.025 0.025 0.000 0.000 0.000 0.025 0.000 0.000 0.000 0.000 0.025 0.000 0.000 0.000 0.050 0.000 0.000 0.000
0.000 0.025 0.000 0.025 0.000 0.000 0.000 0.000 0.025 0.000 0.025 0.500 0.000 0.000 0.075 0.000 0.000 0.025 0.000 0.000 0.000 0.050 0.000 0.025 0.050 0.000 0.000 0.025 0.000 0.000 0.025 0.050 0.000 0.000 0.000 0.000 0.000 0.000 0.000 0.000 0.000 0.025 0.000 0.000 0.000 0.000 0.000 0.000 0.050 0.000
0.000 0.000 0.000 0.000 0.000 0.000 0.000 0.000 0.000 0.000 0.000 0.000 0.650 0.000 0.000 0.000 0.000 0.000 0.100 0.000 0.000 0.050 0.000 0.000 0.000 0.000 0.000 0.000 0.000 0.050 0.000 0.000 0.050 0.000 0.025 0.000 0.000 0.000 0.000 0.000 0.000 0.075 0.000 0.000 0.000 0.000 0.000 0.000 0.000 0.000
0.025 0.025 0.000 0.000 0.000 0.025 0.000 0.000 0.000 0.000 0.000 0.000 0.000 0.875 0.000 0.000 0.000 0.000 0.000 0.000 0.000 0.000 0.000 0.000 0.000 0.000 0.000 0.000 0.000 0.000 0.000 0.000 0.000 0.000 0.000 0.000 0.000 0.000 0.000 0.000 0.050 0.000 0.000 0.000 0.000 0.000 0.000 0.000 0.000 0.000
0.000 0.000 0.000 0.000 0.000 0.000 0.000 0.000 0.000 0.000 0.000 0.025 0.000 0.000 0.775 0.025 0.000 0.000 0.000 0.000 0.000 0.000 0.050 0.000 0.025 0.000 0.000 0.000 0.000 0.000 0.000 0.025 0.025 0.025 0.000 0.000 0.000 0.000 0.000 0.000 0.000 0.000 0.000 0.000 0.000 0.000 0.000 0.025 0.000 0.000
0.000 0.000 0.000 0.000 0.000 0.000 0.000 0.025 0.000 0.000 0.025 0.025 0.000 0.000 0.000 0.625 0.025 0.000 0.000 0.000 0.000 0.000 0.025 0.000 0.000 0.000 0.000 0.025 0.025 0.000 0.050 0.000 0.000 0.050 0.000 0.000 0.050 0.000 0.000 0.025 0.000 0.000 0.000 0.000 0.000 0.000 0.000 0.025 0.000 0.000
0.025 0.025 0.000 0.000 0.000 0.000 0.000 0.000 0.000 0.000 0.000 0.000 0.000 0.000 0.000 0.000 0.850 0.000 0.025 0.000 0.000 0.000 0.000 0.000 0.000 0.025 0.000 0.000 0.000 0.025 0.000 0.000 0.000 0.000 0.000 0.000 0.000 0.000 0.000 0.025 0.000 0.000 0.000 0.000 0.000 0.000 0.000 0.000 0.000 0.000
0.000 0.000 0.000 0.000 0.000 0.000 0.000 0.025 0.000 0.000 0.000 0.000 0.000 0.000 0.000 0.000 0.000 0.850 0.025 0.000 0.000 0.000 0.000 0.000 0.000 0.000 0.000 0.000 0.000 0.100 0.000 0.000 0.000 0.000 0.000 0.000 0.000 0.000 0.000 0.000 0.000 0.000 0.000 0.000 0.000 0.000 0.000 0.000 0.000 0.000
0.000 0.050 0.000 0.025 0.000 0.000 0.000 0.000 0.000 0.000 0.000 0.025 0.000 0.000 0.000 0.000 0.000 0.000 0.725 0.000 0.000 0.000 0.000 0.025 0.000 0.025 0.000 0.000 0.000 0.025 0.000 0.000 0.000 0.000 0.000 0.000 0.000 0.025 0.000 0.025 0.000 0.050 0.000 0.000 0.000 0.000 0.000 0.000 0.000 0.000
0.000 0.025 0.000 0.000 0.000 0.025 0.025 0.000 0.000 0.025 0.000 0.000 0.000 0.000 0.025 0.000 0.000 0.000 0.000 0.575 0.075 0.050 0.000 0.025 0.075 0.000 0.050 0.000 0.000 0.000 0.000 0.000 0.000 0.000 0.000 0.000 0.000 0.000 0.025 0.000 0.000 0.000 0.000 0.000 0.000 0.000 0.000 0.000 0.000 0.000
0.000 0.000 0.000 0.025 0.000 0.000 0.000 0.000 0.000 0.000 0.000 0.000 0.050 0.000 0.025 0.000 0.000 0.000 0.000 0.000 0.775 0.050 0.000 0.025 0.025 0.000 0.000 0.000 0.000 0.000 0.000 0.000 0.000 0.000 0.000 0.000 0.000 0.000 0.000 0.000 0.000 0.000 0.000 0.025 0.000 0.000 0.000 0.000 0.000 0.000
0.000 0.000 0.025 0.000 0.000 0.000 0.000 0.000 0.000 0.000 0.000 0.000 0.050 0.000 0.000 0.000 0.000 0.000 0.000 0.000 0.075 0.475 0.000 0.000 0.100 0.000 0.000 0.025 0.000 0.000 0.025 0.000 0.025 0.000 0.025 0.025 0.000 0.025 0.000 0.000 0.000 0.025 0.000 0.000 0.000 0.000 0.000 0.000 0.075 0.025
0.025 0.000 0.000 0.000 0.025 0.000 0.025 0.000 0.025 0.025 0.000 0.000 0.000 0.000 0.050 0.000 0.000 0.000 0.000 0.000 0.000 0.000 0.475 0.000 0.025 0.000 0.000 0.000 0.100 0.000 0.000 0.000 0.000 0.000 0.000 0.000 0.075 0.000 0.050 0.000 0.000 0.000 0.000 0.000 0.025 0.000 0.050 0.025 0.000 0.000
0.000 0.000 0.000 0.000 0.000 0.000 0.000 0.025 0.000 0.025 0.000 0.000 0.000 0.000 0.000 0.000 0.000 0.025 0.000 0.000 0.000 0.025 0.000 0.775 0.025 0.000 0.025 0.000 0.000 0.000 0.000 0.000 0.000 0.000 0.000 0.000 0.025 0.000 0.000 0.000 0.000 0.000 0.000 0.025 0.025 0.000 0.000 0.000 0.000 0.000
0.000 0.000 0.000 0.000 0.000 0.000 0.000 0.000 0.000 0.000 0.000 0.000 0.000 0.000 0.000 0.000 0.000 0.000 0.000 0.000 0.100 0.025 0.000 0.025 0.675 0.000 0.025 0.000 0.000 0.000 0.000 0.050 0.000 0.025 0.000 0.000 0.075 0.000 0.000 0.000 0.000 0.000 0.000 0.000 0.000 0.000 0.000 0.000 0.000 0.000
0.000 0.000 0.000 0.000 0.000 0.025 0.025 0.000 0.025 0.025 0.000 0.000 0.000 0.000 0.000 0.000 0.000 0.000 0.000 0.025 0.000 0.000 0.000 0.000 0.000 0.750 0.000 0.025 0.000 0.000 0.000 0.000 0.075 0.000 0.000 0.000 0.000 0.000 0.000 0.025 0.000 0.000 0.000 0.000 0.000 0.000 0.000 0.000 0.000 0.000
0.000 0.000 0.000 0.050 0.000 0.025 0.000 0.000 0.000 0.025 0.000 0.000 0.025 0.000 0.000 0.000 0.000 0.000 0.000 0.000 0.000 0.000 0.000 0.000 0.025 0.000 0.775 0.000 0.000 0.025 0.000 0.000 0.000 0.000 0.000 0.000 0.000 0.000 0.000 0.000 0.000 0.000 0.000 0.000 0.050 0.000 0.000 0.000 0.000 0.000
0.000 0.050 0.000 0.000 0.025 0.000 0.000 0.000 0.000 0.000 0.000 0.050 0.025 0.000 0.000 0.000 0.000 0.000 0.000 0.000 0.000 0.000 0.000 0.000 0.000 0.000 0.000 0.800 0.000 0.025 0.000 0.000 0.000 0.000 0.000 0.000 0.025 0.000 0.000 0.000 0.000 0.000 0.000 0.000 0.000 0.000 0.000 0.000 0.000 0.000
0.075 0.000 0.000 0.000 0.000 0.000 0.025 0.000 0.000 0.000 0.000 0.000 0.000 0.025 0.000 0.000 0.000 0.000 0.000 0.000 0.000 0.000 0.050 0.000 0.000 0.000 0.000 0.000 0.550 0.000 0.000 0.000 0.000 0.000 0.000 0.000 0.050 0.000 0.025 0.000 0.000 0.000 0.000 0.075 0.000 0.100 0.000 0.025 0.000 0.000
0.000 0.000 0.000 0.000 0.000 0.025 0.000 0.000 0.000 0.025 0.000 0.000 0.000 0.000 0.000 0.000 0.025 0.000 0.025 0.000 0.000 0.000 0.000 0.000 0.000 0.000 0.000 0.025 0.000 0.725 0.050 0.025 0.025 0.000 0.050 0.000 0.000 0.000 0.000 0.000 0.000 0.000 0.000 0.000 0.000 0.000 0.000 0.000 0.000 0.000
0.000 0.000 0.000 0.000 0.000 0.000 0.000 0.025 0.000 0.000 0.000 0.000 0.000 0.025 0.025 0.050 0.000 0.000 0.000 0.000 0.000 0.000 0.000 0.000 0.050 0.000 0.000 0.000 0.000 0.000 0.700 0.000 0.025 0.025 0.000 0.000 0.000 0.000 0.000 0.000 0.000 0.000 0.025 0.000 0.000 0.025 0.000 0.000 0.000 0.025
0.000 0.000 0.050 0.000 0.000 0.000 0.000 0.000 0.000 0.000 0.000 0.100 0.000 0.000 0.050 0.000 0.000 0.000 0.000 0.000 0.025 0.000 0.000 0.000 0.000 0.000 0.000 0.000 0.000 0.000 0.000 0.675 0.000 0.050 0.000 0.000 0.025 0.000 0.000 0.000 0.000 0.000 0.000 0.000 0.000 0.000 0.000 0.000 0.025 0.000
0.000 0.000 0.000 0.050 0.000 0.025 0.000 0.000 0.000 0.000 0.025 0.025 0.050 0.000 0.000 0.000 0.000 0.025 0.025 0.000 0.000 0.050 0.000 0.000 0.000 0.025 0.000 0.000 0.000 0.050 0.000 0.000 0.450 0.000 0.075 0.025 0.000 0.000 0.000 0.025 0.050 0.000 0.025 0.000 0.000 0.000 0.000 0.000 0.000 0.000
0.000 0.000 0.050 0.025 0.000 0.000 0.000 0.025 0.000 0.000 0.000 0.000 0.000 0.000 0.075 0.000 0.000 0.000 0.000 0.000 0.050 0.000 0.050 0.025 0.025 0.000 0.025 0.000 0.000 0.000 0.000 0.050 0.000 0.525 0.000 0.000 0.000 0.000 0.000 0.000 0.000 0.000 0.000 0.000 0.000 0.000 0.000 0.000 0.075 0.000
0.000 0.000 0.000 0.000 0.025 0.000 0.000 0.000 0.000 0.000 0.000 0.000 0.000 0.025 0.000 0.000 0.000 0.025 0.000 0.025 0.000 0.000 0.000 0.000 0.025 0.000 0.000 0.025 0.000 0.000 0.000 0.000 0.000 0.000 0.750 0.000 0.000 0.000 0.050 0.000 0.025 0.000 0.000 0.000 0.025 0.000 0.000 0.000 0.000 0.000
0.000 0.000 0.000 0.025 0.000 0.000 0.000 0.000 0.000 0.025 0.000 0.000 0.000 0.000 0.000 0.000 0.000 0.000 0.000 0.000 0.000 0.000 0.000 0.000 0.000 0.000 0.000 0.000 0.000 0.000 0.000 0.000 0.000 0.000 0.000 0.925 0.000 0.000 0.000 0.000 0.000 0.000 0.000 0.000 0.025 0.000 0.000 0.000 0.000 0.000
0.000 0.000 0.025 0.000 0.000 0.000 0.000 0.000 0.000 0.000 0.000 0.000 0.000 0.000 0.050 0.000 0.000 0.000 0.000 0.000 0.000 0.000 0.025 0.000 0.025 0.000 0.000 0.025 0.025 0.000 0.000 0.000 0.000 0.000 0.000 0.000 0.775 0.000 0.050 0.000 0.000 0.000 0.000 0.000 0.000 0.000 0.000 0.000 0.000 0.000
0.000 0.000 0.000 0.000 0.000 0.025 0.000 0.000 0.000 0.000 0.000 0.000 0.025 0.000 0.000 0.000 0.000 0.075 0.000 0.025 0.000 0.000 0.000 0.000 0.000 0.000 0.000 0.000 0.000 0.025 0.000 0.000 0.000 0.000 0.000 0.025 0.000 0.800 0.000 0.000 0.000 0.000 0.000 0.000 0.000 0.000 0.000 0.000 0.000 0.000
0.000 0.000 0.000 0.000 0.000 0.000 0.025 0.000 0.000 0.025 0.000 0.000 0.000 0.000 0.000 0.000 0.000 0.000 0.000 0.000 0.000 0.000 0.000 0.000 0.000 0.000 0.000 0.000 0.025 0.000 0.000 0.000 0.000 0.000 0.000 0.000 0.025 0.000 0.875 0.000 0.000 0.000 0.000 0.000 0.000 0.000 0.000 0.025 0.000 0.000
0.000 0.000 0.000 0.000 0.000 0.050 0.025 0.000 0.025 0.000 0.000 0.000 0.000 0.025 0.000 0.000 0.000 0.025 0.000 0.000 0.000 0.000 0.000 0.000 0.000 0.000 0.000 0.000 0.000 0.000 0.000 0.000 0.000 0.000 0.000 0.000 0.000 0.025 0.000 0.775 0.000 0.000 0.000 0.000 0.025 0.000 0.025 0.000 0.000 0.000
0.000 0.000 0.000 0.000 0.000 0.000 0.025 0.000 0.025 0.000 0.000 0.000 0.000 0.050 0.000 0.025 0.000 0.000 0.000 0.000 0.000 0.000 0.000 0.000 0.000 0.000 0.000 0.000 0.000 0.000 0.000 0.000 0.000 0.000 0.000 0.000 0.000 0.000 0.000 0.050 0.800 0.000 0.000 0.000 0.000 0.000 0.000 0.000 0.000 0.025
0.000 0.000 0.000 0.000 0.000 0.000 0.000 0.000 0.000 0.000 0.000 0.000 0.025 0.000 0.000 0.000 0.000 0.000 0.000 0.025 0.000 0.000 0.000 0.000 0.025 0.000 0.075 0.000 0.000 0.000 0.000 0.000 0.000 0.000 0.000 0.000 0.000 0.000 0.000 0.000 0.000 0.825 0.000 0.000 0.000 0.000 0.000 0.000 0.025 0.000
0.000 0.000 0.025 0.000 0.025 0.000 0.000 0.000 0.000 0.000 0.000 0.000 0.000 0.025 0.000 0.000 0.025 0.000 0.000 0.000 0.000 0.000 0.000 0.025 0.000 0.000 0.000 0.000 0.025 0.000 0.000 0.000 0.000 0.025 0.000 0.000 0.000 0.000 0.000 0.000 0.000 0.000 0.825 0.000 0.000 0.000 0.000 0.000 0.000 0.000
0.000 0.000 0.000 0.000 0.000 0.000 0.000 0.000 0.000 0.000 0.000 0.000 0.000 0.000 0.000 0.000 0.000 0.000 0.000 0.000 0.000 0.000 0.000 0.000 0.000 0.000 0.000 0.000 0.000 0.000 0.025 0.000 0.000 0.000 0.000 0.000 0.000 0.000 0.000 0.000 0.000 0.000 0.000 0.975 0.000 0.000 0.000 0.000 0.000 0.000
0.000 0.025 0.000 0.000 0.000 0.000 0.025 0.000 0.000 0.025 0.000 0.000 0.000 0.000 0.000 0.000 0.000 0.000 0.000 0.000 0.000 0.000 0.000 0.000 0.000 0.000 0.000 0.000 0.000 0.000 0.025 0.000 0.000 0.000 0.025 0.000 0.000 0.000 0.025 0.025 0.000 0.000 0.025 0.000 0.800 0.000 0.000 0.000 0.000 0.000
0.050 0.000 0.000 0.000 0.000 0.000 0.025 0.000 0.000 0.000 0.000 0.000 0.000 0.000 0.000 0.000 0.000 0.000 0.000 0.000 0.000 0.000 0.000 0.050 0.000 0.000 0.000 0.000 0.000 0.000 0.000 0.000 0.000 0.000 0.000 0.000 0.000 0.000 0.025 0.000 0.000 0.000 0.025 0.000 0.000 0.725 0.025 0.050 0.000 0.025
0.000 0.000 0.000 0.000 0.000 0.000 0.100 0.000 0.000 0.000 0.000 0.000 0.000 0.000 0.000 0.000 0.000 0.000 0.000 0.025 0.000 0.000 0.000 0.000 0.000 0.000 0.000 0.000 0.000 0.000 0.025 0.000 0.000 0.000 0.000 0.000 0.000 0.000 0.075 0.025 0.000 0.000 0.000 0.000 0.000 0.000 0.725 0.025 0.000 0.000
0.000 0.000 0.000 0.000 0.000 0.000 0.025 0.000 0.000 0.000 0.025 0.000 0.000 0.000 0.025 0.000 0.000 0.000 0.000 0.000 0.000 0.000 0.000 0.000 0.000 0.000 0.000 0.000 0.025 0.000 0.050 0.000 0.000 0.000 0.000 0.000 0.025 0.000 0.025 0.000 0.000 0.000 0.025 0.025 0.000 0.025 0.000 0.700 0.000 0.025
0.000 0.000 0.000 0.025 0.000 0.000 0.000 0.000 0.000 0.000 0.000 0.050 0.000 0.000 0.025 0.000 0.000 0.000 0.000 0.000 0.000 0.025 0.000 0.000 0.025 0.000 0.025 0.000 0.000 0.025 0.000 0.000 0.000 0.000 0.000 0.100 0.025 0.000 0.000 0.000 0.000 0.050 0.025 0.000 0.000 0.000 0.000 0.025 0.575 0.000
0.025 0.025 0.000 0.000 0.000 0.000 0.000 0.000 0.025 0.000 0.000 0.000 0.000 0.000 0.000 0.000 0.000 0.000 0.000 0.000 0.000 0.000 0.075 0.025 0.000 0.000 0.000 0.000 0.025 0.000 0.025 0.000 0.000 0.000 0.000 0.000 0.000 0.000 0.025 0.000 0.000 0.000 0.000 0.075 0.000 0.100 0.000 0.075 0.000 0.500
